-53.20000076293945 3.0 194.89999389648438 1.0 6.0 1.0
-53.20000076293945 3.0 188.89999389648438 1.0 6.0 11.0
-53.20000076293945 3.0 182.89999389648438 1.0 6.0 1.0
-53.20000076293945 3.0 176.89999389648438 1.0 6.0 11.0
-53.20000076293945 3.0 170.89999389648438 1.0 6.0 1.0
-53.20000076293945 3.0 164.89999389648438 1.0 6.0 11.0
-53.20000076293945 3.0 158.89999389648438 1.0 6.0 1.0
-53.20000076293945 3.0 152.89999389648438 1.0 6.0 11.0
-53.20000076293945 3.0 146.89999389648438 1.0 6.0 1.0
-53.20000076293945 3.0 140.89999389648438 1.0 6.0 11.0
-53.20000076293945 3.0 134.89999389648438 1.0 6.0 1.0
-53.20000076293945 3.0 128.89999389648438 1.0 6.0 11.0
-53.20000076293945 3.0 122.89999389648438 1.0 6.0 1.0
-53.20000076293945 3.0 116.89999389648438 1.0 6.0 11.0
-53.20000076293945 3.0 110.89999389648438 1.0 6.0 1.0
-53.20000076293945 3.0 104.89999389648438 1.0 6.0 11.0
-53.20000076293945 3.0 98.89999389648438 1.0 6.0 1.0
-53.20000076293945 3.0 92.89999389648438 1.0 6.0 11.0
-53.20000076293945 3.0 86.89999389648438 1.0 6.0 1.0
-47.20000076293945 3.0 194.89999389648438 11.0 6.0 1.0
-47.20000076293945 3.0 158.89999389648438 11.0 6.0 1.0
-47.20000076293945 3.0 110.89999389648438 11.0 6.0 1.0
-47.20000076293945 3.0 86.89999389648438 11.0 6.0 1.0
-41.20000076293945 3.0 194.89999389648438 1.0 6.0 1.0
-41.20000076293945 3.0 188.89999389648438 1.0 6.0 11.0
-41.20000076293945 3.0 182.89999389648438 1.0 6.0 1.0
-41.20000076293945 3.0 176.89999389648438 1.0 6.0 11.0
-41.20000076293945 3.0 170.89999389648438 1.0 6.0 1.0
-41.20000076293945 3.0 158.89999389648438 1.0 6.0 1.0
-41.20000076293945 3.0 152.89999389648438 1.0 6.0 11.0
-41.20000076293945 3.0 146.89999389648438 1.0 6.0 1.0
-41.20000076293945 3.0 134.89999389648438 1.0 6.0 1.0
-41.20000076293945 3.0 128.89999389648438 1.0 6.0 11.0
-41.20000076293945 3.0 122.89999389648438 1.0 6.0 1.0
-41.20000076293945 3.0 110.89999389648438 1.0 6.0 1.0
-41.20000076293945 3.0 98.89999389648438 1.0 6.0 1.0
-41.20000076293945 3.0 86.89999389648438 1.0 6.0 1.0
-35.20000076293945 3.0 194.89999389648438 11.0 6.0 1.0
-35.20000076293945 3.0 158.89999389648438 11.0 6.0 1.0
-35.20000076293945 3.0 134.89999389648438 11.0 6.0 1.0
-35.20000076293945 3.0 110.89999389648438 11.0 6.0 1.0
-35.20000076293945 3.0 98.89999389648438 11.0 6.0 1.0
-35.20000076293945 3.0 86.89999389648438 11.0 6.0 1.0
-29.200000762939453 3.0 194.89999389648438 1.0 6.0 1.0
-29.200000762939453 3.0 182.89999389648438 1.0 6.0 1.0
-29.200000762939453 3.0 176.89999389648438 1.0 6.0 11.0
-29.200000762939453 3.0 170.89999389648438 1.0 6.0 1.0
-29.200000762939453 3.0 164.89999389648438 1.0 6.0 11.0
-29.200000762939453 3.0 158.89999389648438 1.0 6.0 1.0
-29.200000762939453 3.0 146.89999389648438 1.0 6.0 1.0
-29.200000762939453 3.0 140.89999389648438 1.0 6.0 11.0
-29.200000762939453 3.0 134.89999389648438 1.0 6.0 1.0
-29.200000762939453 3.0 122.89999389648438 1.0 6.0 1.0
-29.200000762939453 3.0 116.89999389648438 1.0 6.0 11.0
-29.200000762939453 3.0 110.89999389648438 1.0 6.0 1.0
-29.200000762939453 3.0 104.89999389648438 1.0 6.0 11.0
-29.200000762939453 3.0 98.89999389648438 1.0 6.0 1.0
-29.200000762939453 3.0 86.89999389648438 1.0 6.0 1.0
-23.200000762939453 3.0 194.89999389648438 11.0 6.0 1.0
-23.200000762939453 3.0 182.89999389648438 11.0 6.0 1.0
-23.200000762939453 3.0 170.89999389648438 11.0 6.0 1.0
-23.200000762939453 3.0 134.89999389648438 11.0 6.0 1.0
-23.200000762939453 3.0 98.89999389648438 11.0 6.0 1.0
-23.200000762939453 3.0 86.89999389648438 11.0 6.0 1.0
-17.200000762939453 3.0 194.89999389648438 1.0 6.0 1.0
-17.200000762939453 3.0 182.89999389648438 1.0 6.0 1.0
-17.200000762939453 3.0 170.89999389648438 1.0 6.0 1.0
-17.200000762939453 3.0 158.89999389648438 1.0 6.0 1.0
-17.200000762939453 3.0 152.89999389648438 1.0 6.0 11.0
-17.200000762939453 3.0 146.89999389648438 1.0 6.0 1.0
-17.200000762939453 3.0 134.89999389648438 1.0 6.0 1.0
-17.200000762939453 3.0 128.89999389648438 1.0 6.0 11.0
-17.200000762939453 3.0 122.89999389648438 1.0 6.0 1.0
-17.200000762939453 3.0 116.89999389648438 1.0 6.0 11.0
-17.200000762939453 3.0 110.89999389648438 1.0 6.0 1.0
-17.200000762939453 3.0 98.89999389648438 1.0 6.0 1.0
-17.200000762939453 3.0 86.89999389648438 1.0 6.0 1.0
-11.199996948242188 3.0 182.89999389648438 11.0 6.0 1.0
-11.199996948242188 3.0 170.89999389648438 11.0 6.0 1.0
-11.199996948242188 3.0 146.89999389648438 11.0 6.0 1.0
-11.199996948242188 3.0 110.89999389648438 11.0 6.0 1.0
-11.199996948242188 3.0 98.89999389648438 11.0 6.0 1.0
-11.199996948242188 3.0 86.89999389648438 11.0 6.0 1.0
-5.1999969482421875 3.0 182.89999389648438 1.0 6.0 1.0
-5.1999969482421875 3.0 170.89999389648438 1.0 6.0 1.0
-5.1999969482421875 3.0 164.89999389648438 1.0 6.0 11.0
-5.1999969482421875 3.0 158.89999389648438 1.0 6.0 1.0
-5.1999969482421875 3.0 146.89999389648438 1.0 6.0 1.0
-5.1999969482421875 3.0 140.89999389648438 1.0 6.0 11.0
-5.1999969482421875 3.0 134.89999389648438 1.0 6.0 1.0
-5.1999969482421875 3.0 128.89999389648438 1.0 6.0 11.0
-5.1999969482421875 3.0 122.89999389648438 1.0 6.0 1.0
-5.1999969482421875 3.0 110.89999389648438 1.0 6.0 1.0
-5.1999969482421875 3.0 98.89999389648438 1.0 6.0 1.0
-5.1999969482421875 3.0 86.89999389648438 1.0 6.0 1.0
0.8000030517578125 3.0 182.89999389648438 11.0 6.0 1.0
0.8000030517578125 3.0 170.89999389648438 11.0 6.0 1.0
0.8000030517578125 3.0 146.89999389648438 11.0 6.0 1.0
0.8000030517578125 3.0 134.89999389648438 11.0 6.0 1.0
0.8000030517578125 3.0 110.89999389648438 11.0 6.0 1.0
0.8000030517578125 3.0 86.89999389648438 11.0 6.0 1.0
6.8000030517578125 3.0 194.89999389648438 1.0 6.0 1.0
6.8000030517578125 3.0 182.89999389648438 1.0 6.0 1.0
6.8000030517578125 3.0 170.89999389648438 1.0 6.0 1.0
6.8000030517578125 3.0 158.89999389648438 1.0 6.0 1.0
6.8000030517578125 3.0 152.89999389648438 1.0 6.0 11.0
6.8000030517578125 3.0 146.89999389648438 1.0 6.0 1.0
6.8000030517578125 3.0 134.89999389648438 1.0 6.0 1.0
6.8000030517578125 3.0 122.89999389648438 1.0 6.0 1.0
6.8000030517578125 3.0 116.89999389648438 1.0 6.0 11.0
6.8000030517578125 3.0 110.89999389648438 1.0 6.0 1.0
6.8000030517578125 3.0 104.89999389648438 1.0 6.0 11.0
6.8000030517578125 3.0 98.89999389648438 1.0 6.0 1.0
6.8000030517578125 3.0 92.89999389648438 1.0 6.0 11.0
6.8000030517578125 3.0 86.89999389648438 1.0 6.0 1.0
12.799999237060547 3.0 194.89999389648438 11.0 6.0 1.0
12.799999237060547 3.0 182.89999389648438 11.0 6.0 1.0
12.799999237060547 3.0 146.89999389648438 11.0 6.0 1.0
12.799999237060547 3.0 134.89999389648438 11.0 6.0 1.0
12.799999237060547 3.0 122.89999389648438 11.0 6.0 1.0
12.799999237060547 3.0 86.89999389648438 11.0 6.0 1.0
18.799999237060547 3.0 194.89999389648438 1.0 6.0 1.0
18.799999237060547 3.0 182.89999389648438 1.0 6.0 1.0
18.799999237060547 3.0 176.89999389648438 1.0 6.0 11.0
18.799999237060547 3.0 170.89999389648438 1.0 6.0 1.0
18.799999237060547 3.0 164.89999389648438 1.0 6.0 11.0
18.799999237060547 3.0 158.89999389648438 1.0 6.0 1.0
18.799999237060547 3.0 146.89999389648438 1.0 6.0 1.0
18.799999237060547 3.0 134.89999389648438 1.0 6.0 1.0
18.799999237060547 3.0 122.89999389648438 1.0 6.0 1.0
18.799999237060547 3.0 110.89999389648438 1.0 6.0 1.0
18.799999237060547 3.0 104.89999389648438 1.0 6.0 11.0
18.799999237060547 3.0 98.89999389648438 1.0 6.0 1.0
18.799999237060547 3.0 86.89999389648438 1.0 6.0 1.0
24.799999237060547 3.0 194.89999389648438 11.0 6.0 1.0
24.799999237060547 3.0 182.89999389648438 11.0 6.0 1.0
24.799999237060547 3.0 158.89999389648438 11.0 6.0 1.0
24.799999237060547 3.0 134.89999389648438 11.0 6.0 1.0
24.799999237060547 3.0 98.89999389648438 11.0 6.0 1.0
24.799999237060547 3.0 86.89999389648438 11.0 6.0 1.0
30.799999237060547 3.0 194.89999389648438 1.0 6.0 1.0
30.799999237060547 3.0 182.89999389648438 1.0 6.0 1.0
30.799999237060547 3.0 170.89999389648438 1.0 6.0 1.0
30.799999237060547 3.0 158.89999389648438 1.0 6.0 1.0
30.799999237060547 3.0 152.89999389648438 1.0 6.0 11.0
30.799999237060547 3.0 146.89999389648438 1.0 6.0 1.0
30.799999237060547 3.0 140.89999389648438 1.0 6.0 11.0
30.799999237060547 3.0 134.89999389648438 1.0 6.0 1.0
30.799999237060547 3.0 128.89999389648438 1.0 6.0 11.0
30.799999237060547 3.0 122.89999389648438 1.0 6.0 1.0
30.799999237060547 3.0 116.89999389648438 1.0 6.0 11.0
30.799999237060547 3.0 110.89999389648438 1.0 6.0 1.0
30.799999237060547 3.0 104.89999389648438 1.0 6.0 11.0
30.799999237060547 3.0 98.89999389648438 1.0 6.0 1.0
30.799999237060547 3.0 86.89999389648438 1.0 6.0 1.0
36.79999923706055 3.0 194.89999389648438 11.0 6.0 1.0
36.79999923706055 3.0 170.89999389648438 11.0 6.0 1.0
36.79999923706055 3.0 158.89999389648438 11.0 6.0 1.0
36.79999923706055 3.0 98.89999389648438 11.0 6.0 1.0
36.79999923706055 3.0 86.89999389648438 11.0 6.0 1.0
42.79999923706055 3.0 194.89999389648438 1.0 6.0 1.0
42.79999923706055 3.0 188.89999389648438 1.0 6.0 11.0
42.79999923706055 3.0 182.89999389648438 1.0 6.0 1.0
42.79999923706055 3.0 176.89999389648438 1.0 6.0 11.0
42.79999923706055 3.0 170.89999389648438 1.0 6.0 1.0
42.79999923706055 3.0 158.89999389648438 1.0 6.0 1.0
42.79999923706055 3.0 146.89999389648438 1.0 6.0 1.0
42.79999923706055 3.0 140.89999389648438 1.0 6.0 11.0
42.79999923706055 3.0 134.89999389648438 1.0 6.0 1.0
42.79999923706055 3.0 128.89999389648438 1.0 6.0 11.0
42.79999923706055 3.0 122.89999389648438 1.0 6.0 1.0
42.79999923706055 3.0 98.89999389648438 1.0 6.0 1.0
42.79999923706055 3.0 86.89999389648438 1.0 6.0 1.0
48.79999923706055 3.0 194.89999389648438 11.0 6.0 1.0
48.79999923706055 3.0 146.89999389648438 11.0 6.0 1.0
48.79999923706055 3.0 86.89999389648438 11.0 6.0 1.0
54.79999923706055 3.0 194.89999389648438 1.0 6.0 1.0
54.79999923706055 3.0 188.89999389648438 1.0 6.0 11.0
54.79999923706055 3.0 182.89999389648438 1.0 6.0 1.0
54.79999923706055 3.0 176.89999389648438 1.0 6.0 11.0
54.79999923706055 3.0 170.89999389648438 1.0 6.0 1.0
54.79999923706055 3.0 164.89999389648438 1.0 6.0 11.0
54.79999923706055 3.0 158.89999389648438 1.0 6.0 1.0
54.79999923706055 3.0 152.89999389648438 1.0 6.0 11.0
54.79999923706055 3.0 146.89999389648438 1.0 6.0 1.0
54.79999923706055 3.0 140.89999389648438 1.0 6.0 11.0
54.79999923706055 3.0 134.89999389648438 1.0 6.0 1.0
54.79999923706055 3.0 128.89999389648438 1.0 6.0 11.0
54.79999923706055 3.0 122.89999389648438 1.0 6.0 1.0
54.79999923706055 3.0 116.89999389648438 1.0 6.0 11.0
54.79999923706055 3.0 110.89999389648438 1.0 6.0 1.0
54.79999923706055 3.0 104.89999389648438 1.0 6.0 11.0
54.79999923706055 3.0 98.89999389648438 1.0 6.0 1.0
54.79999923706055 3.0 92.89999389648438 1.0 6.0 11.0
54.79999923706055 3.0 86.89999389648438 1.0 6.0 1.0
0.7999992370605469 -0.5 140.89999389648438 109.0 1.0 109.0
